[gd_scene load_steps=3 format=2]

[ext_resource path="res://Models/Shiba Inu.glb" type="PackedScene" id=1]
[ext_resource path="res://shiba.gd" type="Script" id=2]

[node name="Shiba" type="Spatial"]
script = ExtResource( 2 )

[node name="Shiba Inu" parent="." instance=ExtResource( 1 )]
transform = Transform( 0.2, 0, 0, 0, 0.2, 0, 0, 0, 0.2, 0, 0, 0 )

[node name="Skeleton" parent="Shiba Inu/RootNode/AnimalArmature" index="0"]
bones/8/bound_children = [ NodePath("BoneAttachment") ]
bones/12/bound_children = [ NodePath("BoneAttachment2") ]
bones/16/bound_children = [ NodePath("BoneAttachment3") ]
bones/19/bound_children = [ NodePath("BoneAttachment4") ]
bones/22/bound_children = [ NodePath("BoneAttachment5") ]
bones/26/bound_children = [ NodePath("BoneAttachment6") ]
bones/30/bound_children = [ NodePath("BoneAttachment7") ]
bones/33/bound_children = [ NodePath("BoneAttachment8") ]
bones/34/bound_children = [ NodePath("BoneAttachment9") ]
bones/35/bound_children = [ NodePath("BoneAttachment10") ]
bones/36/bound_children = [ NodePath("BoneAttachment11") ]
bones/37/bound_children = [ NodePath("BoneAttachment12") ]
bones/39/bound_children = [ NodePath("BoneAttachment13") ]
bones/41/bound_children = [ NodePath("BoneAttachment14") ]
bones/43/bound_children = [ NodePath("BoneAttachment15") ]
bones/45/bound_children = [ NodePath("BoneAttachment16") ]

[node name="BoneAttachment" parent="Shiba Inu/RootNode/AnimalArmature/Skeleton" index="0"]
transform = Transform( -0.999514, 0.0184382, 0.0251384, -0.0255204, -0.94705, -0.320071, 0.0179057, -0.320557, 0.94706, 0.000235384, -0.0181088, 0.0264339 )

[node name="BoneAttachment2" parent="Shiba Inu/RootNode/AnimalArmature/Skeleton" index="1"]
transform = Transform( -0.630823, 0.39174, -0.669776, -0.608134, -0.78572, 0.113212, -0.481907, 0.478731, 0.733881, 0.0037616, -0.0191767, 0.0299597 )

[node name="BoneAttachment3" parent="Shiba Inu/RootNode/AnimalArmature/Skeleton" index="2"]
transform = Transform( -0.637586, -0.317112, 0.702085, 0.570596, -0.806698, 0.153813, 0.517595, 0.498675, 0.695282, -0.00301791, -0.0193774, 0.0301505 )

[node name="BoneAttachment4" parent="Shiba Inu/RootNode/AnimalArmature/Skeleton" index="3"]
transform = Transform( -0.999268, -0.00576483, -0.0378155, 0.0381917, -0.205957, -0.977815, -0.00215127, -0.978543, 0.206026, 0.00331807, -0.0086775, 0.0106895 )

[node name="BoneAttachment5" parent="Shiba Inu/RootNode/AnimalArmature/Skeleton" index="4"]
transform = Transform( -0.999268, 0.0057893, 0.0378121, -0.0381922, -0.206628, -0.977673, 0.002153, -0.978402, 0.206697, -0.00331798, -0.00867982, 0.0106887 )

[node name="BoneAttachment6" parent="Shiba Inu/RootNode/AnimalArmature/Skeleton" index="5"]
transform = Transform( -0.99979, -0.0148539, -0.0140812, 0.01937, -0.464412, -0.885406, 0.00661209, -0.885494, 0.464602, 0.00379485, 0.0123205, 0.00599996 )

[node name="BoneAttachment7" parent="Shiba Inu/RootNode/AnimalArmature/Skeleton" index="6"]
transform = Transform( -0.99979, 0.0148566, 0.0140794, -0.019371, -0.464598, -0.885309, -0.0066113, -0.885398, 0.464788, -0.00379481, 0.0123183, 0.00599866 )

[node name="BoneAttachment8" parent="Shiba Inu/RootNode/AnimalArmature/Skeleton" index="7"]
transform = Transform( 1, 2.09301e-08, -2.4609e-07, -1.33539e-07, 0.884015, -0.467458, 2.07763e-07, 0.467458, 0.884015, 9.5692e-11, 0.0139205, 0.0191931 )

[node name="BoneAttachment9" parent="Shiba Inu/RootNode/AnimalArmature/Skeleton" index="8"]
transform = Transform( 1, -1.29247e-26, 2.38419e-07, 2.38418e-07, 0.00187043, -0.999998, -4.45946e-10, 0.999998, 0.00187043, 0.00217028, -0.0416587, 0.00819731 )

[node name="BoneAttachment10" parent="Shiba Inu/RootNode/AnimalArmature/Skeleton" index="9"]
transform = Transform( 1, 0, 0, 0, 0.00187043, -0.999998, 0, 0.999998, 0.00187043, 0.00217283, -0.0387781, 0.00821146 )

[node name="BoneAttachment11" parent="Shiba Inu/RootNode/AnimalArmature/Skeleton" index="10"]
transform = Transform( 1, 1.29247e-26, -2.38419e-07, -2.38418e-07, 0.00187043, -0.999998, 4.45946e-10, 0.999998, 0.00187043, -0.00217028, -0.0416587, 0.00819731 )

[node name="BoneAttachment12" parent="Shiba Inu/RootNode/AnimalArmature/Skeleton" index="11"]
transform = Transform( 1, 0, 0, 0, 0.00187043, -0.999998, 0, 0.999998, 0.00187043, -0.00217283, -0.0387781, 0.00821146 )

[node name="BoneAttachment13" parent="Shiba Inu/RootNode/AnimalArmature/Skeleton" index="12"]
transform = Transform( -1, -6.06536e-08, 2.14647e-06, 6.06531e-08, -1, -5.36442e-07, 2.14647e-06, -5.96046e-08, 1, 0.00374001, 0.00881191, 0.000687746 )

[node name="BoneAttachment14" parent="Shiba Inu/RootNode/AnimalArmature/Skeleton" index="13"]
transform = Transform( -1, -3.82977e-08, 2.66246e-06, -4.0976e-07, -0.985773, -0.168082, 2.63102e-06, -0.168082, 0.985773, 0.00326694, -0.0116797, 0.000716307 )

[node name="BoneAttachment15" parent="Shiba Inu/RootNode/AnimalArmature/Skeleton" index="14"]
transform = Transform( -1, 6.06536e-08, -2.14647e-06, -6.06531e-08, -1, -5.36442e-07, -2.14647e-06, -5.96046e-08, 1, -0.00374001, 0.00881191, 0.000687746 )

[node name="BoneAttachment16" parent="Shiba Inu/RootNode/AnimalArmature/Skeleton" index="15"]
transform = Transform( -1, 3.82977e-08, -2.66246e-06, 4.0976e-07, -0.985773, -0.168082, -2.63102e-06, -0.168082, 0.985773, -0.00326694, -0.0116797, 0.000716307 )

[node name="AnimationPlayer" parent="Shiba Inu" index="1"]
autoplay = "Idle"

[editable path="Shiba Inu"]
