[gd_scene load_steps=3 format=2]

[ext_resource path="res://Models/Shiba Inu.glb" type="PackedScene" id=1]
[ext_resource path="res://shiba.gd" type="Script" id=2]

[node name="Shiba" type="Spatial"]
script = ExtResource( 2 )

[node name="Shiba Inu" parent="." instance=ExtResource( 1 )]
transform = Transform( 0.2, 0, 0, 0, 0.2, 0, 0, 0, 0.2, 0, 0, 0 )

[node name="Skeleton" parent="Shiba Inu/RootNode/AnimalArmature" index="0"]
bones/8/bound_children = [ NodePath("BoneAttachment") ]
bones/12/bound_children = [ NodePath("BoneAttachment2") ]
bones/16/bound_children = [ NodePath("BoneAttachment3") ]
bones/19/bound_children = [ NodePath("BoneAttachment4") ]
bones/22/bound_children = [ NodePath("BoneAttachment5") ]
bones/26/bound_children = [ NodePath("BoneAttachment6") ]
bones/30/bound_children = [ NodePath("BoneAttachment7") ]
bones/33/bound_children = [ NodePath("BoneAttachment8") ]
bones/34/bound_children = [ NodePath("BoneAttachment9") ]
bones/35/bound_children = [ NodePath("BoneAttachment10") ]
bones/36/bound_children = [ NodePath("BoneAttachment11") ]
bones/37/bound_children = [ NodePath("BoneAttachment12") ]
bones/39/bound_children = [ NodePath("BoneAttachment13") ]
bones/41/bound_children = [ NodePath("BoneAttachment14") ]
bones/43/bound_children = [ NodePath("BoneAttachment15") ]
bones/45/bound_children = [ NodePath("BoneAttachment16") ]

[node name="BoneAttachment" parent="Shiba Inu/RootNode/AnimalArmature/Skeleton" index="0"]
transform = Transform( -0.985435, -0.111292, -0.128577, 0.139037, -0.962635, -0.232384, -0.0979101, -0.246876, 0.964088, -0.000507226, -0.0180676, 0.0263395 )

[node name="BoneAttachment2" parent="Shiba Inu/RootNode/AnimalArmature/Skeleton" index="1"]
transform = Transform( -0.343538, 0.589825, -0.730812, -0.758491, -0.633121, -0.154431, -0.553779, 0.501262, 0.664879, 0.00294959, -0.0191303, 0.0300619 )

[node name="BoneAttachment3" parent="Shiba Inu/RootNode/AnimalArmature/Skeleton" index="2"]
transform = Transform( -0.593225, -0.43028, 0.680399, 0.642893, -0.761901, 0.0787026, 0.484533, 0.484113, 0.728603, -0.00405985, -0.0189323, 0.0298944 )

[node name="BoneAttachment4" parent="Shiba Inu/RootNode/AnimalArmature/Skeleton" index="3"]
transform = Transform( -0.999268, -0.00607017, -0.0377677, 0.0381884, -0.215368, -0.975786, -0.00221059, -0.976514, 0.215442, 0.00332152, -0.00860318, 0.0106028 )

[node name="BoneAttachment5" parent="Shiba Inu/RootNode/AnimalArmature/Skeleton" index="4"]
transform = Transform( -0.999268, 0.00593075, 0.0377902, -0.0381888, -0.211804, -0.976565, 0.00221236, -0.977294, 0.211875, -0.00332153, -0.00860317, 0.0106028 )

[node name="BoneAttachment6" parent="Shiba Inu/RootNode/AnimalArmature/Skeleton" index="5"]
transform = Transform( -0.999797, -0.0138873, -0.0145274, 0.0193532, -0.470415, -0.882232, 0.0054177, -0.882335, 0.470589, 0.0038093, 0.0122917, 0.00589878 )

[node name="BoneAttachment7" parent="Shiba Inu/RootNode/AnimalArmature/Skeleton" index="6"]
transform = Transform( -0.999798, 0.0138867, 0.0145258, -0.0193518, -0.47046, -0.882209, -0.00541707, -0.882313, 0.470633, -0.00380929, 0.0122911, 0.00589848 )

[node name="BoneAttachment8" parent="Shiba Inu/RootNode/AnimalArmature/Skeleton" index="7"]
transform = Transform( 1, 2.18616e-08, -2.46009e-07, -1.33217e-07, 0.886497, -0.462734, 2.0797e-07, 0.462734, 0.886496, 9.5692e-11, 0.0139157, 0.0190391 )

[node name="BoneAttachment9" parent="Shiba Inu/RootNode/AnimalArmature/Skeleton" index="8"]
transform = Transform( 1, -1.29247e-26, 2.38419e-07, 2.38417e-07, 0.00342015, -0.999994, -8.15426e-10, 0.999994, 0.00342015, 0.00217028, -0.0416805, 0.00812944 )

[node name="BoneAttachment10" parent="Shiba Inu/RootNode/AnimalArmature/Skeleton" index="9"]
transform = Transform( 1, 0, 0, 0, 0.00342015, -0.999994, 0, 0.999994, 0.00342015, 0.00217283, -0.0387999, 0.00813912 )

[node name="BoneAttachment11" parent="Shiba Inu/RootNode/AnimalArmature/Skeleton" index="10"]
transform = Transform( 1, 1.29247e-26, -2.38419e-07, -2.38417e-07, 0.00342015, -0.999994, 8.15426e-10, 0.999994, 0.00342015, -0.00217028, -0.0416805, 0.00812944 )

[node name="BoneAttachment12" parent="Shiba Inu/RootNode/AnimalArmature/Skeleton" index="11"]
transform = Transform( 1, 0, 0, 0, 0.00342015, -0.999994, 0, 0.999994, 0.00342015, -0.00217283, -0.0387999, 0.00813912 )

[node name="BoneAttachment13" parent="Shiba Inu/RootNode/AnimalArmature/Skeleton" index="12"]
transform = Transform( -1, -6.06536e-08, 2.14647e-06, 6.06531e-08, -1, -5.36442e-07, 2.14647e-06, -5.96046e-08, 1, 0.00374001, 0.00881191, 0.000687746 )

[node name="BoneAttachment14" parent="Shiba Inu/RootNode/AnimalArmature/Skeleton" index="13"]
transform = Transform( -1, -3.82977e-08, 2.66246e-06, -4.0976e-07, -0.985773, -0.168082, 2.63102e-06, -0.168082, 0.985773, 0.00326694, -0.0116797, 0.000716307 )

[node name="BoneAttachment15" parent="Shiba Inu/RootNode/AnimalArmature/Skeleton" index="14"]
transform = Transform( -1, 6.06536e-08, -2.14647e-06, -6.06531e-08, -1, -5.36442e-07, -2.14647e-06, -5.96046e-08, 1, -0.00374001, 0.00881191, 0.000687746 )

[node name="BoneAttachment16" parent="Shiba Inu/RootNode/AnimalArmature/Skeleton" index="15"]
transform = Transform( -1, 3.82977e-08, -2.66246e-06, 4.0976e-07, -0.985773, -0.168082, -2.63102e-06, -0.168082, 0.985773, -0.00326694, -0.0116797, 0.000716307 )

[node name="AnimationPlayer" parent="Shiba Inu" index="1"]
autoplay = "Idle"

[editable path="Shiba Inu"]
